Array em octave

teste1 = [1 2 3; 3 2 1]

teste1 =

     1.00000000000000e+00     2.00000000000000e+00     3.00000000000000e+00
     3.00000000000000e+00     2.00000000000000e+00     1.00000000000000e+00

Array em python
    a = numpy.array([[1, 2, 3], [3, 2, 1]])
    
    print(a)

    resultado
    [[1 2 3]
    [3 2 1]]